54.00 130.00
55.00 130.50
55.00 131.00
55.00 131.50
55.00 132.00
55.00 132.50
55.00 133.00
55.50 133.50
56.00 134.00
56.00 134.50
56.50 135.00
57.00 135.50
57.50 136.00
58.00 136.50
58.50 137.00
58.50 137.50
59.00 138.00
59.00 138.50
59.50 139.00
59.50 139.50
59.50 140.00
59.50 140.50
59.50 141.00
60.00 141.50
60.00 142.00
60.00 142.50
60.00 143.00
60.00 143.50
60.00 144.00
60.00 144.50
60.50 145.00
60.50 145.50
60.50 146.00
60.50 146.50
60.50 147.00
60.00 147.50
60.00 148.00
59.50 148.50
59.50 149.00
59.50 149.50
59.50 150.00
59.00 150.50
59.00 151.00
58.00 151.50
57.50 152.00
57.00 152.50
57.00 153.00
56.50 153.50
56.50 154.00
57.00 154.50
57.50 155.00
57.00 155.50
57.00 156.00
56.50 156.50
56.50 157.00
56.50 157.50
56.00 158.00
56.00 158.50
55.50 159.00
55.50 159.50
55.00 160.00
55.00 160.50
55.00 161.00
55.00 161.50
55.00 162.00
55.00 162.50
54.50 163.00
54.50 163.50
54.00 164.00
54.00 164.50
54.00 165.00